"","PC1","PC2","PC3","PC4","PC5","PC6","PC7","PC8","PC9","PC10","PC11","PC12","PC13","PC14","PC15","PC16","PC17","PC18","PC19","PC20","PC21","PC22","PC23"
"age",-0.0536087825064912,0.0403543109750884,-0.210527748448791,0.381559596319772,-0.268061268966386,0.0791198588044426,-0.369640511366572,0.100511133998322,0.548166741429482,-0.173919114339927,0.318862105972664,-0.0463516468349597,0.0748075654408309,-0.240998954040665,-0.245633239801281,0.101999505332533,-0.0643506649663851,0.0692135285624034,0.0388433327698681,0.00258964936606795,0.0180819121300193,0.0314241070870681,-0.000841825068980432
"attempts_0_10",0.30258223527844,-0.251290696707549,0.349144595899685,0.0147718718044113,-0.0451165164736958,-0.074317283598397,0.00138047181379947,-0.00429247156605024,0.181480080855336,-0.0234508341149175,0.00535577471454754,-0.0205618119851798,0.00911047478308633,0.117387791291665,-0.000496256063734546,-0.0886371934687501,-0.0318970669872902,0.0263601366185181,0.0657218850313123,-0.0142982609351068,0.429382545115523,0.180252596875647,0.660942772558794
"percent_0_10",0.126698838432222,0.0947601087134826,0.0797327669262457,0.120838609493381,-0.178447378668028,0.680665939487761,0.14106976883615,-0.128212932754921,0.0426976497082548,-0.0287599119430893,-0.0574733387423712,0.188304312949297,-0.367734478823891,-0.0683192975825272,0.30884055475863,0.161195011375461,0.0183905263040257,0.235042929775093,-0.242879700628577,-0.0407906694731964,0.0571775684088708,-0.0149126457129086,0.0107668543355177
"attempts_dunk",0.218437785538184,-0.0444895342982829,0.358839066515905,0.00560508583453205,-0.105207347969824,0.338421341123761,-0.267428527572588,-0.165823223574443,-0.131723693679899,-0.00608449216231054,-0.0534096084254583,-0.219485452206679,0.377660779406467,0.147298860498825,-0.267423103075368,-0.0569566740214515,0.103912917191937,0.00801713261510931,-0.0627021183095505,-0.0206434066430538,-0.44792290400316,-0.257274706663379,0.0857455324439514
"x_of_fg_ast_d_2p",0.187661773722688,0.390953372331192,0.028864276948544,-0.116292737650943,0.00253777915255567,0.175466242738781,-0.177801710679869,0.0587174947665862,0.0513820652971482,0.112201886275258,0.0965372512800198,-0.0406191917707912,-0.0899363858124954,0.0550514814752845,0.13614207449638,-0.0462475227846453,-0.3730642836381,-0.726764724267273,0.0460381871781885,-0.0450868532315128,0.0357842431745674,0.0234147393065106,0.0197194102461703
"attempts_10_3p",0.300973060631524,-0.234801320597106,0.388073945943027,0.00590615776366621,-0.0374367157634422,-0.0559707942651228,-0.0329365658947637,-0.0177575960083606,0.184356136818289,-0.0399470404228767,0.0245819477186335,-0.0569037905478856,0.00862440479001734,0.108318951281252,0.0219339537548973,-0.0798586758092889,-0.0134513018336124,-0.0042173303633659,0.00597135257919051,-0.0459412314821584,0.284684643210265,0.0991275259447577,-0.739192236761583
"percent_10_3p",-0.175062521492386,0.0622853252725883,-0.0814746089328774,0.206932656204665,-0.323314669240989,-0.22084005575883,-0.425516496702555,-0.311552956719515,-0.130448364144462,0.415704438813963,-0.0735480227655021,-0.0942378886230125,-0.129601738091395,0.226837901976792,0.158938847867366,-0.182774332637458,0.16417415709231,0.00733578871434549,-0.309074181763284,-0.00678410471930473,0.174624579243405,0.0216552821583539,-0.00159187650456849
"attempts_corner",-0.189373336140726,0.339650944723501,0.125229192610298,-0.156713090371958,0.0927925465347759,0.051167367124138,0.160120984001329,0.0837776100964618,0.305435840587525,-0.251526032812867,-0.0278035399601621,-0.179363075970358,0.0218424673659244,0.0777048826017614,-0.0655469250786564,-0.172891479582085,0.568400437116349,-0.184336947038133,-0.330489037600326,0.230032893507549,0.113540890513999,0.0456764418130393,0.0163991192908288
"corner_3s_3p",-0.118563115977668,0.0476351192771168,0.188403637902474,0.394815950923191,0.487213910657638,0.0178803802476673,-0.0120907017658438,0.0480290829518479,0.192611023516849,0.364920572780606,-0.0770838149335638,-0.00610755380965112,0.00120672016266063,0.269812270516648,-0.00542883225013653,0.524787048123509,0.0892100786637378,-0.0500960983071378,0.083261316902803,0.0938309224941497,-0.017375825754149,-0.033984116332378,0.00318868403473867
"attempted_3p",-0.27673952481177,0.174164775015628,0.074995543958664,0.0186379262466193,-0.1251558575327,-0.0358862981151256,0.0930710346972114,0.059391119594155,0.201460748389174,-0.162171453373297,-0.473321370393418,-0.372126056656866,0.0637738668080738,0.11864063319431,0.0986637956731129,0.0393759776940488,-0.227305318002348,0.116764976013891,0.0717344736852077,-0.571901858900113,0.0271230145430357,-0.0280951009173703,0.00999204474701905
"percentage_3p",-0.164911188047097,0.054945836017618,0.198544710292676,0.385642730628648,0.394830181106389,0.0249773621564169,0.124355772907041,-0.275740072238838,0.0221832311767055,0.0339536603577667,0.0585753294229473,0.141483328064484,0.202005436348808,-0.379011308304385,0.0693246627797146,-0.491091785108824,-0.182126954627377,-0.0229885486919901,-0.162492745408327,-0.133505837747128,0.00639384280875217,-0.00463603244607178,0.0108677827637528
"x_of_fg_ast_d_3p",0.137341405052195,0.39932415909305,-0.0292851515088144,-0.106258440900027,0.20739583751291,0.0244776447030884,-0.168729516929171,0.0972121564625131,0.0107173726358258,0.0558040797509106,0.206388677492481,0.35354214805084,-0.126707548187565,0.318784670159662,-0.2254967871872,-0.251577929362929,0.152119980392199,0.312723958709084,0.196960115758514,-0.401107655442519,0.053340637871805,-0.0417735827016173,-0.0123838966937768
"ft_rate",0.187795320792278,-0.157081440192414,-0.204195303957375,0.130498960243635,-0.119399561290568,0.129275018461805,0.270390052559368,0.490974827523966,-0.0401558195802046,0.437885124240557,0.0940801244375129,-0.096567614801869,0.252721160864233,-0.117622820199388,0.0362573027020822,-0.087926330482478,0.263482677392099,-0.128917248663932,-0.165123379967857,-0.34399272144624,0.0604709661142139,-0.0511549782713803,-0.0017969662350382
"percentage_ft",-0.153143788680093,0.00487098772278023,0.105367303977697,0.406867173659513,-0.0121218145665698,0.0504182577890563,-0.0143026884254587,0.418060788346986,-0.410801850174536,-0.36055221280459,0.284713890966836,-0.171845621565676,-0.0431415549400444,0.352710265541071,0.175832411788433,-0.132597388790628,-0.130757991565917,0.0476792470515991,-0.0313396613228035,0.122756307938187,0.017907906349675,0.0485282706380272,0.000137755508322929
"ast",-0.135666074774152,-0.411518152426746,-0.0853309196009304,0.19414821742083,-0.0474739327863409,0.10940675532526,0.0701480270222984,-0.122555926290209,0.1487278797816,-0.104336324495716,-0.0920260643910837,0.113928633119735,-0.352111394817366,0.186411238547556,-0.00591706760365156,-0.262855464995326,0.284649318448861,-0.368732739231207,0.353128086323452,-0.157742234429099,-0.286193291700088,0.0460378144829964,0.0140334931004436
"tov_percentage",0.0498959055556549,-0.263523476060018,-0.395088103665481,-0.0530656147452471,0.284329297660572,0.125455768685005,-0.199183428082429,-0.182087209332028,-0.0515050858668997,-0.355285546295631,-0.0389667202040814,0.17237829366605,0.303151816118518,0.244278114989388,0.052812563154516,0.18624115286944,0.0131870575818406,-0.167210072145141,-0.34344223364032,-0.244391714241598,0.209229899002475,0.0312396932496651,-0.00400432014853122
"blk_percentage",0.253614441695116,0.0574575181800444,-0.144109428127154,0.176449445761859,0.220683206688433,0.0203908955081368,0.00707081884861807,-0.161062003655083,-0.306431020429659,-0.0907931006995523,-0.0379051124566263,-0.478069162506773,-0.402483771147093,-0.24137605502621,-0.420125593267653,0.0733507628801117,0.102347544068445,-0.0475401725330954,-0.00260719831569967,-0.126663986160837,0.20544240349275,-0.00282274419180201,-0.00983205166366073
"stl_percentage",-0.00823628209816946,-0.220186449845831,-0.0641240678816222,-0.211333975079017,0.376132723013636,0.159967667159037,-0.503871467636261,0.37190268741575,0.119594843883084,0.0751230513355372,-0.244170275042632,-0.180998523986272,-0.184571854204483,-0.17851588010942,0.229305749134031,-0.247595710877286,-0.0167679977187199,0.165405708874027,-0.0159840073558317,0.131187219083203,-0.0441821043154875,-0.062864236127386,0.0160437395747129
"pf",0.190316001105553,0.0228635475936637,-0.355285404254608,-0.0542775279698937,0.13645264851533,0.0897693880407004,0.242167748701051,-0.306394139225595,0.24303156812648,0.116202296424471,0.27995922445831,-0.446557559741253,0.106212078260388,0.285598697563114,0.26330975443773,-0.182869705759576,-0.101710261266937,0.209684927976786,0.157831350264792,0.153238586412996,-0.0786614420012278,0.00151876485616314,-0.00287456887100447
"orb_percentage",0.281767642203934,-0.0325814826143513,0.122581307483282,0.00409923249754721,0.0755095182451914,-0.453517283193218,0.012945599703981,0.0278968634340033,0.163140297105989,-0.135699059113563,0.222837537375478,-0.0240300399515077,-0.289127557730444,-0.0323528691185848,0.230391985142523,0.130767905631131,0.00526767308898964,0.0014389465960029,-0.404494738155513,-0.240397740237189,-0.436098314767055,-0.153203591222941,0.0836773095657797
"drb_percentage",0.259982493815835,0.0313361629348871,-0.215675336077984,0.210398690179483,-0.0378938535003396,-0.0632721303568685,0.182274015075089,0.154005391117637,0.151981472447867,0.0306568941452225,-0.442769886602971,0.171681030892395,-0.0829429468915126,0.261237896167239,-0.355537938484651,-0.226107501289093,-0.313429903800803,0.0377645415328823,-0.292942437124596,0.278209647703137,-0.112512714429419,-0.0101964189745889,-0.020127628921398
"height",0.313324000590111,0.229232177691505,-0.0645537468851718,0.178619763753471,0.00881074866128567,-0.0701875446776792,-0.119937371034796,0.000901765961523889,-0.0978059629385572,-0.0851514645142046,-0.238691081199319,0.0224010701790017,0.183932863209339,-0.120207411498076,0.219126777038143,0.0383384622219006,0.21204052410633,0.0485247596131806,0.132955550583308,0.00289135272267851,-0.251198461994552,0.702428350708195,-0.0158624090962936
"weight",0.295655369499326,0.177704228182663,-0.102518902833397,0.25371479266333,-0.0564617364967268,-0.163117009182175,-0.0391588382300851,-0.012075806244598,-0.0220607905673819,-0.203700974047357,-0.240884866128388,0.107255379948912,0.129765727329226,-0.0962869527344886,0.312722405207765,-0.0192647042276984,0.21524448239307,-0.048086370423056,0.289634002971881,0.126732494926389,0.189250343149149,-0.595363733098875,0.00125484128105639
